# -----------------------------------------------------------------------------------------------------------
# Grid points of bottom-philic t-channel model obeying Omega h^2 = 0.12
# Data corresponds to results shown in Fig. 9 of
# "Bound-state effects on dark matter coannihilation: Pushing the boundaries of conversion-driven freeze-out"
# Mathias Garny, Jan Heisig, Phys.Rev.D 105 (2022) 5, 055004 [arXiv: 2112.01499]
# -----------------------------------------------------------------------------------------------------------
#        mx[GeV]    deltam[GeV]     msb[GeV]          yDMrelic                    ctau[m]                   relic_density              relDelta
         100        4.75            104.75            2.2406840511470288e-7       1.697881182524106         0.11999132077643748        0.0
         100        5.0             105.0             1.6554394124016437e-7       1.1949494635096753        0.11996051461213178        0.022585395379931514
         100        5.082073        105.082073        1.5902019715307717e-7       1.125564876444947         0.11994983770788356        0.03
         100        5.414146000000001        105.414146        1.4423552059523718e-7        0.9282961794152711        0.11992974637002862        0.06
         100        5.85691         105.85691        1.3525506564262868e-7        0.7554978567063465        0.11999300683146084        0.1
         100        6.742438        106.74243799999999        1.2812011088189753e-7        0.5361333511133857        0.11999378035477937        0.18
         100        8.402803        108.402803        1.2656339240417867e-7        0.31434509519427994        0.11996314781571536        0.33
         100        10.284550000000001        110.28455        1.3404553364395008e-7        0.17986514037266965        0.11999460179889        0.5
         100        11.944915000000002        111.94491500000001        1.5096474556917772e-7        0.10455499064186476        0.11993914825108618        0.65
         100        13.605280000000002        113.60528000000001        1.8681008863104944e-7        0.05299400172141226        0.12000110450660953        0.8
         100        14.712190000000003        114.71219        2.429058951988388e-7        0.027031378040498644        0.12000063681503427        0.9
         100        15.265645000000001        115.265645        3.104629435331532e-7        0.015445962132953496        0.12000022515684171        0.95
         100        15.487027000000001        115.487027        3.6413219226276114e-7        0.010932714664969014        0.12000004200972568        0.97
         100        15.708409000000001        115.708409        4.682151056644126e-7        0.006441258643336193        0.12000006663823853        0.99
         100        15.819100000000002        115.8191        5.765404446649665e-7        0.004193571218793408        0.12000002031034963        1.0
         125        4.75        129.75        2.386140493249183e-7        1.8295272634224946        0.11997634265193985        0.0
         125        5.0       130.0       1.7998585637928774e-7        1.234459648122009        0.11999664397780022        0.018620725612435662
         125        5.152777        130.15277700000001        1.6873101073661512e-7        1.1027980894441043        0.11994636036666037        0.03
         125        5.555554        130.555554        1.5388729771889401e-7        0.8810881679844007        0.11999686703243236        0.06
         125        6.09259        131.09259        1.4512987373825813e-7        0.6948202604621743        0.11999257959128787        0.1
         125        7.1666620000000005        132.166662        1.3850151716505911e-7        0.47125614578812325        0.11999330873480905        0.18
         125        9.180547        134.180547        1.3740855328358658e-7        0.26343743064467906        0.11999626563123254        0.33
         125        11.462950000000001        136.46295        1.4421662579196627e-7        0.14904170212197398        0.11999621659613592        0.5
         125        13.476835000000001        138.476835        1.6007602246911828e-7        0.08754142781389924        0.11990610709968758        0.65
         125        15.490720000000003        140.49072        1.9560977594597004e-7        0.0448491085564215        0.12000042515619742        0.8
         125        16.833310000000004        141.83331        2.5324226266853887e-7        0.022894573637148436        0.12000057418116655        0.9
         125        17.504605        142.504605        3.2518909637836847e-7        0.012914343426248958        0.12000024160631678        0.95
         125        17.773123000000002        142.773123        3.8447580583849664e-7        0.00898309563078732        0.12000009084625865        0.97
         125        18.041641000000002        143.041641        5.060874733307889e-7        0.005043728299627512        0.12000005551253383        0.99
         125        18.175900000000002        143.1759        6.451419989248297e-7        0.003061903218686639        0.12000002529363064        1.0
         150        4.75        154.75        2.5133566632446955e-7        1.948894311281507        0.11995183873117846        0.0
         150        5.0       155.0       1.930470706970145e-7        1.267643966506467        0.11999652049222115        0.01610305958132045
         150        5.21575        155.21575        1.7810120597409733e-7        1.0792872293286042        0.11994181292239083        0.03
         150        5.6815        155.6815        1.632964104191685e-7        0.8389735779987504        0.11999634518829344        0.06
         150        6.3025        156.3025        1.5480200938671897e-7        0.644008558677552        0.11999273182427274        0.1
         150        7.5445        157.5445        1.4873123215531133e-7        0.4203848652293657        0.11999311366075306        0.18
         150        9.87325        159.87325        1.4829859356759326e-7        0.22553736989705692        0.1199950954433536        0.33
         150        12.512500000000001        162.5125        1.5490118352728354e-7        0.12592756906737035        0.11997306737704545        0.5
         150        14.841250000000002        164.84125        1.6991679628273113e-7        0.07466416186770596        0.11990893050261324        0.65
         150        17.17        167.17000000000002        2.0511246724056418e-7        0.03877466674179392        0.1199884255675876        0.8
         150        18.722500000000004        168.7225        2.6408696746268543e-7        0.01989393539915406        0.12000040210781893        0.9
         150        19.49875        169.49875        3.398037042388564e-7        0.011146415875493766        0.12000022131887497        0.95
         150        19.809250000000002        169.80925        4.03869837819838e-7        0.007664518966554147        0.12000011927929768        0.97
         150        20.119750000000003        170.11975        5.408563488325138e-7        0.004153466531979504        0.1200000427865214        0.99
         150        20.275000000000002        170.275        7.096586460465907e-7        0.002378827772942061        0.12000002407823024        1.0
         200        4.75        204.75        2.740166390126889e-7        2.1446387981481116        0.1199653258922027        0.0
         200        5.0       205.0       2.1656480897448946e-7        1.316765599352327        0.11999499520863839        0.01307969194709526
         200        5.323408        205.323408        1.9613227246797388e-7        1.0315373035951891        0.11998626470327929        0.03
         200        5.896816        205.896816        1.8149565687229538e-7        0.766793521678412        0.11999635668825855        0.06
         200        6.66136        206.66136        1.7356059328970216e-7        0.5635006577434237        0.11999378861790241        0.1
         200        8.190448        208.190448        1.685404957442025e-7        0.3465214665735152        0.11999337895613622        0.18
         200        11.057488000000001        211.057488        1.6933274254438915e-7        0.17477250710405456        0.1199940781868598        0.33
         200        14.3068        214.3068        1.763093836450396e-7        0.09500191143863551        0.11999574878116004        0.5
         200        17.173840000000002        217.17384        1.9022202121940701e-7        0.057050814389510374        0.11995441146618613        0.65
         200        20.04088        220.04088000000002        2.2457590344297947e-7        0.030498318799628797        0.11995314239093338        0.8
         200        21.952240000000003        221.95224000000002        2.857250646675633e-7        0.015889386793981775        0.11998790987572021        0.9
         200        22.90792        222.90792        3.677181479043036e-7        0.008865365444417565        0.11999592773296941        0.95
         200        23.290192        223.290192        4.397214169726548e-7        0.006013353105514873        0.11999786614252941        0.97
         200        23.672464        223.672464        6.029311304333795e-7        0.003104048571684323        0.11999937750021437        0.99
         200        23.8636        223.8636        8.281886250236834e-7        0.001621030799659249        0.11999999769498734        1.0
         250        4.75        254.75        2.9464498037506895e-7        2.2918829854000027        0.11999257435601283        0.0
         250        5.0       255.0       2.3791995883654748e-7        1.3475685342835342        0.11999456625179684        0.011328466624071632
         250        5.412049        255.412049        2.1348815274269155e-7        0.9854755281977521        0.1199907666326517        0.03
         250        6.074098        256.074098        1.9903479214633672e-7        0.7075170732855003        0.11999674761859991        0.06
         250        6.95683        256.95683        1.9165822471544794e-7        0.5027317816813677        0.11999468954357638        0.1
         250        8.722294        258.722294        1.8765885319889686e-7        0.29557198665762624        0.11999461245166143        0.18
         250        12.032539        262.032539        1.8983362585469555e-7        0.14223074038127628        0.11999536261593954        0.33
         250        15.78415        265.78415        1.975656002198535e-7        0.07561389681152715        0.11999479411553303        0.5
         250        19.094395        269.094395        2.1079378628695625e-7        0.045783487159789374        0.11994756424411666        0.65
         250        22.40464        272.40464        2.441893146615614e-7        0.025151690495028453        0.11995835710088329        0.8
         250        24.61147        274.61147        3.0704796600712394e-7        0.013337592735423608        0.1199851897316196        0.9
         250        25.714885        275.714885        3.94332438103353e-7        0.007453287196253283        0.11999476576760915        0.95
         250        26.156251        276.156251        4.7296449270190704e-7        0.005020251124097799        0.1199971592148534        0.97
         250        26.597617        276.597617        6.583179901217744e-7        0.0025123401700553848        0.11999890334168066        0.99
         250        26.8183        276.8183        9.447998946616854e-7        0.0012012896002947283        0.11992112303453784        1.0
         300        4.75        304.75        3.1250679580008377e-7        2.425984696104623        0.11999365428282933        0.0
         300        5.0       305.0       2.5700401661756944e-7        1.374817289692397        0.11999437249203346        0.01020075077525706
         300        5.48524        305.48524        2.2972336084709908e-7        0.948502398412764        0.1199942217266046        0.03
         300        6.22048        306.22048        2.1555639927752245e-7        0.6619199688492848        0.11991182574409821        0.06
         300        7.2008        307.2008        2.0876037651353346e-7        0.4578961588637866        0.11999578529633727        0.1
         300        9.161439999999999        309.16143999999997        2.058761900912744e-7        0.2596959659800082        0.11999567099335014        0.18
         300        12.83764        312.83764        2.096340827281486e-7        0.12031301639595604        0.11999584871102457        0.33
         300        17.003999999999998        317.004        2.1833053614813562e-7        0.06279564133524397        0.11999526820083618        0.5
         300        20.6802        320.6802        2.3127468966843644e-7        0.03818105747206322        0.11992414957228882        0.65
         300        24.3564        324.3564        2.637227004567263e-7        0.02147935591020033        0.11997507722738845        0.8
         300        26.807199999999998        326.8072        3.278957447884953e-7        0.011599840118539834        0.11998617766773337        0.9
         300        28.0326        328.0326        4.1978327835706515e-7        0.00651050937134798        0.11999510569097721        0.95
         300        28.522759999999998        328.52276        5.041913891652286e-7        0.004369805063205453        0.11999739577797026        0.97
         300        29.012919999999998        329.01292        7.088182087438796e-7        0.0021420830698371967        0.11999899434902705        0.99
         300        29.258        329.258        1.0408007956130226e-6        0.0009781241431623584        0.11995877616948368        1.0
         350        4.75        354.75        3.306681884729281e-7        2.513964004102914        0.1199886637915769        0.0
         350        5.0       355.0       2.756242265089645e-7        1.3866016487278212        0.1199943490207955        0.009416302255769367
         350        5.546491        355.546491        2.4574414969376397e-7        0.9130171807843325        0.11999243004434239        0.03
         350        6.342982        356.342982        2.3166874200217624e-7        0.6234447370685889        0.11994469486443446        0.06
         350        7.4049700000000005        357.40497        2.2538674318588927e-7        0.4221858503046878        0.11990803602702947        0.1
         350        9.528946000000001        359.528946        2.235921142345873e-7        0.2326366534509887        0.11992230545913074        0.18
         350        13.511401000000001        363.511401        2.2916938043426988e-7        0.10435340133660845        0.11999715683496164        0.33
         350        18.02485        368.02485        2.3881454251682506e-7        0.05370134601303155        0.11999625347599466        0.5
         350        22.007305000000002        372.007305        2.5200718770439514e-7        0.03264513785822304        0.11999508874131105        0.65
         350        25.989760000000004        375.98976        2.8358397922180117e-7        0.01874534749005093        0.11998916644277084        0.8
         350        28.644730000000003        378.64473        3.4882367991389294e-7        0.010308943417261834        0.11999046982009409        0.9
         350        29.972215        379.972215        4.4498101604165193e-7        0.005818790030280802        0.11999653236758501        0.95
         350        30.503209000000002        380.503209        5.346921365642886e-7        0.0038998303374471227        0.11999822858603626        0.97
         350        31.034203        381.034203        7.593752379821967e-7        0.0018721873511845927        0.1199527980934018        0.99
         350        31.2997        381.29970000000003        1.1304007710720138e-6        0.000831573021808878        0.11998799690409659        1.0
         400        4.75        404.75        3.470634270124747e-7        2.5972105599866087        0.11998631366532236        0.0
         400        5.0       405.0       2.9287955625356147e-7        1.397437921419773        0.11999448616837377        0.008857144881633116
         400        5.596774        405.596774        2.61147800868609e-7        0.8835724934194598        0.11999260191739973        0.03
         400        6.443548        406.443548        2.4729088913377523e-7        0.5921021651488478        0.11997819491580972        0.06
         400        7.57258        407.57258        2.4157398692415833e-7        0.3938572619029543        0.11996037661673098        0.1
         400        9.830644        409.830644        2.411145208444155e-7        0.21156226294946953        0.11998863702093712        0.18
         400        14.064514        414.064514        2.486567396702625e-7        0.09235326046559472        0.11995678744536        0.33
         400        18.8629        418.8629        2.5940224898376276e-7        0.04694960685339276        0.1199105788857208        0.5
         400        23.09677        423.09677        2.729141134014796e-7        0.028537407477245962        0.1199956235393081        0.65
         400        27.330640000000002        427.33064        3.038240935459719e-7        0.016664653789849243        0.11995572447191642        0.8
         400        30.15322        430.15322        3.7006291537007384e-7        0.009322279657642155        0.11992465117978122        0.9
         400        31.56451        431.56451        4.703839289834869e-7        0.005293462773850491        0.11994530742211976        0.95
         400        32.129025999999996        432.129026        5.649884677236481e-7        0.0035489854142660613        0.11997413349879327        0.97
         400        32.693542        432.693542        8.031529351901748e-7        0.0016998123084441912        0.11999572433878958        0.99
         400        32.9758        432.9758        1.2140103742712046e-6        0.0007320823869789409        0.12000980125351787        1.0
         450        4.75        454.75        3.622898448095637e-7        2.6727258550529753        0.11998394905812249        0.0
         450        5.0       455.0       3.091070323679127e-7        1.406663775550358        0.11999462222164047        0.00845037097128564
         450        5.637535        455.637535        2.7616975529705184e-7        0.8583240186315154        0.11999286339112013        0.03
         450        6.5250699999999995        456.52507        2.6267618140422084e-7        0.5656665648441562        0.11999991989400334        0.06
         450        7.70845        457.70845        2.576435728061893e-7        0.3704022644548351        0.11999964927925323        0.1
         450        10.075209999999998        460.07520999999997        2.58594489540893e-7        0.19470829143049417        0.11999767507822086        0.18
         450        14.512885        464.512885        2.676847783766404e-7        0.08338797403013391        0.11999863139981062        0.33
         450        19.54225        469.54225        2.7972993302078613e-7        0.041916798947609406        0.11995551597682062        0.5
         450        23.979924999999998        473.979925        2.9421449491733465e-7        0.025370693070255863        0.11990448020060673        0.65
         450        28.4176        478.4176        3.248747929290805e-7        0.015002933878514613        0.11993598324611301        0.8
         450        31.37605        481.37605        3.915042540448833e-7        0.008555632584972151        0.11999266440119351        0.9
         450        32.855275        482.855275        4.944968348677205e-7        0.004915298577422841        0.1200757085017063        0.95
         450        33.446965        483.446965        5.935081122563078e-7        0.0032991377607042376        0.1200529896723579        0.97
         450        34.038655        484.038655        8.460098114779112e-7        0.001570936374978432        0.12003049930872844        0.99
         450        34.3345        484.3345        1.2939025299183971e-6        0.0006607474583196019        0.12002453109868913        1.0
         500        4.75        504.75        3.7528872324861724e-7        2.7603448618184405        0.1199803036669252        0.0
         500        5.0       505.0       3.236920163237222e-7        1.421464539092399        0.11999475251546758        0.008148896639395027
         500        5.67037        505.67037        2.9037997981166716e-7        0.8393196285941793        0.11999296386842136        0.03
         500        6.590739999999999        506.59074        2.775013607990588e-7        0.544545224899672        0.11999895012229733        0.06
         500        7.8179        507.8179        2.732314857523252e-7        0.3517157869900853        0.11999775290561294        0.1
         500        10.272219999999999        510.27222        2.753507554491603e-7        0.1818952509025495        0.11999615327559066        0.18
         500        14.87407        514.87407        2.863998494228673e-7        0.076456154758277        0.11999621986807198        0.33
         500        20.089499999999997        520.0895        3.004790053744407e-7        0.03789165184469647        0.11999954666412645        0.5
         500        24.691349999999996        524.6913499999999        3.156558117730712e-7        0.022901430426347267        0.1199395985387663        0.65
         500        29.2932        529.2932        3.463782540225013e-7        0.013671568105827162        0.11993002210592339        0.8
         500        32.36109999999999        532.3611        4.1367458957784264e-7        0.007924446946322864        0.11998667488147634        0.9
         500        33.89505        533.89505        5.211710751500729e-7        0.004572273156308105        0.11999624575276241        0.95
         500        34.50863        534.50863        6.251186283033575e-7        0.0030719288461640262        0.11999800508379917        0.97
         500        35.122209999999995        535.12221        8.887591943608996e-7        0.0014699155139744338        0.12005581639642685        0.99
         500        35.428999999999995        535.429        1.371644825142817e-6        0.0006070742951461301        0.12003320601049926        1.0
         600        4.75        604.75        4.0281935142312147e-7        2.8639007064874784        0.11998394638235502        0.0
         600        5.0       605.0       3.533048275667833e-7        1.426038593570375        0.12001334695960429        0.007786003257663763
         600        5.713267        605.713267        3.194873366603876e-7        0.8030091533066519        0.1199949264803896        0.03
         600        6.676534        606.676534        3.075574434723664e-7        0.5093089104148235        0.11999750005266914        0.06
         600        7.96089        607.96089        3.0451723729626006e-7        0.3227706423148065        0.11999736172576998        0.1
         600        10.529602        610.529602        3.090125267753366e-7        0.16287500337664268        0.11999425715687438        0.18
         600        15.345937        615.345937        3.2528313461666116e-7        0.06604057701102212        0.11999413468008545        0.33
         600        20.80445        620.80445        3.4252246265660095e-7        0.03221769385145944        0.11999634652504204        0.5
         600        25.620785        625.620785        3.6003890250030554e-7        0.019343540021821395        0.11999865419260092        0.65
         600        30.43712        630.43712        3.9160853619402643e-7        0.011701764272114223        0.11995464251441022        0.8
         600        33.64801        633.64801        4.6056677744017323e-7        0.006976330172363652        0.11998289661116045        0.9
         600        35.253454999999995        635.253455        5.752944396545695e-7        0.0040899636787578965        0.11999517357864062        0.95
         600        35.895633        635.895633        6.882032791013019e-7        0.002761265035964375        0.11999766187758046        0.97
         600        36.537811        636.537811        9.737913721773612e-7        0.0013333247547415966        0.12009976609905909        0.99
         600        36.8589        636.8589        1.5187912755962074e-6        0.0005390613168951103        0.12004600701025013        1.0
         700        4.75        704.75        4.3002387507602603e-7        2.9236573144112876        0.11994294660491381        0.0
         700        5.0       705.0       3.82252523576571e-7        1.417176895786349        0.11998865648912384        0.007646382343585603
         700        5.730856        705.730856        3.476253245261581e-7        0.7790457468628653        0.1199929690357571        0.03
         700        6.711712        706.711712        3.3577069827911693e-7        0.4891201447404491        0.11999637156318683        0.06
         700        8.01952        708.01952        3.3412261122389746e-7        0.3058401266816407        0.11999534771714747        0.1
         700        10.635136        710.635136        3.429531116827784e-7        0.15011969123195207        0.11999634104914979        0.18
         700        15.539416000000001        715.539416        3.6401324043550897e-7        0.05952246202681601        0.11999766198859867        0.33
         700        21.0976        721.0976        3.8563879765668324e-7        0.028558729937151712        0.11999634158459799        0.5
         700        26.00188        726.00188        4.063007642513029e-7        0.017013712878797122        0.11999470504586006        0.65
         700        30.90616        730.90616        4.4028396072107347e-7        0.010341016135511218        0.11999856000224424        0.8
         700        34.17568        734.17568        5.115392247356032e-7        0.0063067234710512034        0.1199935030932651        0.9
         700        35.81044        735.81044        6.335384520306508e-7        0.003757999946453023        0.11999828304822546        0.95
         700        36.464344        736.464344        7.553870091741433e-7        0.002553109184705959        0.11999931484855461        0.97
         700        37.118248        737.118248        1.0771587864845438e-6        0.0012135018460409772        0.11999977919665797        0.99
         700        37.4452        737.4452        1.659768082566523e-6        0.0005025795019579801        0.12005082181355672        1.0
         800        4.75        804.75        4.5513547785841574e-7        2.976534525203835        0.11996204845686055        0.0
         800        5.0       805.0       4.0953479561030007e-7        1.4079745145483489        0.11999583105179831        0.007681435506667486
         800        5.72638        805.72638        3.760400481446148e-7        0.761470820740897        0.11999177620787849        0.03
         800        6.70276        806.70276        3.650555039990314e-7        0.47350938960537736        0.11999564943200584        0.06
         800        8.0046        808.0046        3.644872385841637e-7        0.29418931245672364        0.11999481715192141        0.1
         800        10.60828        810.60828        3.7596786673496846e-7        0.14299905362449414        0.11999820091758884        0.18
         800        15.49018        815.49018        4.031069381253266e-7        0.05552746643876809        0.11999933335212018        0.33
         800        21.023        821.023        4.3032886782707165e-7        0.02620420343373191        0.11999932853944661        0.5
         800        25.9049        825.9049        4.548550977864694e-7        0.015489743099500979        0.1199962154894372        0.65
         800        30.7868        830.7868        4.93020192435342e-7        0.009396927921123217        0.11999464171445369        0.8
         800        34.041399999999996        834.0414        5.673477874877483e-7        0.005836240326908345        0.11999926109610329        0.9
         800        35.6687        835.6687        6.970691737293958e-7        0.0035319247729069378        0.1199998697168271        0.95
         800        36.31962        836.31962        8.281099073815393e-7        0.0024166224141212345        0.11999994408624853        0.97
         800        36.97054        836.97054        1.175175408423504e-6        0.0011595423930781431        0.11999998656787335        0.99
         800        37.296        837.296        1.7961103697433492e-6        0.0004880715854113612        0.1200515279231014        1.0
         900        4.75        904.75        4.755243709328211e-7        3.062597938002934        0.11992602170862982        0.0
         900        5.0       905.0       4.3313013846470375e-7        1.4137094486527386        0.11999344947446519        0.007866013472907876
         900        5.703469        905.703469        4.0217132628133045e-7        0.7598943806491762        0.11999137059943167        0.03
         900        6.656938        906.656938        3.9227083393545356e-7        0.4698596218457037        0.11999578017899869        0.06
         900        7.92823        907.92823        3.9345550231410027e-7        0.2902678118445681        0.1199953386807734        0.1
         900        10.470814        910.470814        4.090440694052418e-7        0.13948759871510644        0.11999981473034547        0.18
         900        15.238159        915.238159        4.4292573085897726e-7        0.05329920111740087        0.12000116849253885        0.33
         900        20.64115        920.64115        4.7651618521860455e-7        0.024801241796737886        0.11999871016425848        0.5
         900        25.408495        925.408495        5.054635822895465e-7        0.014560206542014337        0.11999931883925367        0.65
         900        30.17584        930.17584        5.48455512814088e-7        0.008811955612739477        0.11999589196599865        0.8
         900        33.35407        933.35407        6.281889217607428e-7        0.005522531422255651        0.1199988453580102        0.9
         900        34.943185        934.943185        7.66439460932611e-7        0.003388454235894074        0.11999981438512766        0.95
         900        35.578830999999994        935.578831        9.069254469419128e-7        0.0023366630428092484        0.11999992634642112        0.97
         900        36.214477        936.214477        1.2783156380141186e-6        0.0011363951004673598        0.11999997824062758        0.99
         900        36.5323        936.5323        1.9281214889486873e-6        0.0004911038602836949        0.1200497600982488        1.0
         1000       4.75        1004.75        5.008240827352686e-7        3.0637608651117967        0.11992138410126753        0.0
         1000       5.0       1005.0       4.604542470210334e-7        1.3880194385275462        0.11999212863208968        0.008196076374318089
         1000       5.0550239999999995        1005.055024        4.559956017873481e-7        1.2833185893988333        0.11999461543858074        0.01
         1000       5.360048        1005.360048        4.398620999112325e-7        0.9398133330134493        0.11999807174989516        0.02
         1000       5.665071999999999        1005.665072        4.310928754613919e-7        0.7546278931606256        0.11999028192564072        0.03
         1000       5.970096        1005.970096        4.259318091610396e-7        0.6305242275295242        0.11999350198632452        0.04
         1000       6.275119999999999        1006.27512        4.2295354509378275e-7        0.538915463929176        0.1199929018052278        0.05
         1000       6.580144        1006.580144        4.21437214374041e-7        0.4675873693868832        0.11999542359554193        0.06
         1000       7.190192        1007.190192        4.2128537110045273e-7        0.36280738888566616        0.1199958492624693        0.08
         1000       7.80024        1007.80024        4.2344310970856825e-7        0.2896663081696872        0.11999578899750143        0.1
         1000       8.715311999999999        1008.715312        4.29107320374824e-7        0.21448658661105785        0.11999655821060234        0.13
         1000       10.240431999999998        1010.240432        4.418291511030077e-7        0.13929055313472474        0.11999916367259482        0.18
         1000       11.765552        1011.765552        4.555703725938758e-7        0.09646361623325357        0.12000047941577688        0.23
         1000       13.290671999999999        1013.290672        4.6936570452040826e-7        0.07000007310041587        0.11999854522050278        0.28
         1000       14.815791999999998        1014.815792        4.827219342457176e-7        0.05268148809667303        0.11999846530489884        0.33
         1000       16.340911999999996        1016.340912        4.955444670064822e-7        0.04081048673247196        0.11999841618802076        0.38
         1000       18.171056        1018.171056        5.09944702484263e-7        0.03100953520023552        0.12000109633974224        0.44
         1000       20.001199999999997        1020.0012        5.23918648607162e-7        0.02418178266075275        0.1199984992290482        0.5
         1000       22.136367999999994        1022.136368        5.394762514669699e-7        0.018596732614892402        0.1199985122470228        0.57
         1000       24.576559999999997        1024.57656        5.585001966926048e-7        0.014080459856547661        0.11999839299858814        0.65
         1000       27.016751999999997        1027.016752        5.80933994666042e-7        0.010784601333970939        0.11999645220286753        0.73
         1000       29.151919999999997        1029.15192        6.079718434089192e-7        0.008473188162916527        0.11999953058233273        0.8
         1000       30.677039999999995        1030.67704        6.383937705372866e-7        0.00695106479987723        0.11998956615702326        0.85
         1000       32.20215999999999        1032.20216        6.948067145298883e-7        0.005335096917924697        0.11999998442495775        0.9
         1000       33.117232        1033.117232        7.625005788355956e-7        0.004193280052296517        0.1199934077045738        0.93
         1000       33.72727999999999        1033.72728        8.426785153000156e-7        0.0033128499397867862        0.11999995077306193        0.95
         1000       34.12381119999999        1034.1238112        9.274893388978515e-7        0.0026729121179664395        0.11999992972730258        0.963
         1000       34.33732799999999        1034.337328        9.930361310907822e-7        0.0023034531462867037        0.11999997891275906        0.97
         1000       34.489839999999994        1034.48984        1.0536626322314752e-6        0.0020283679567948444        0.12000103527228462        0.975
         1000       34.642351999999995        1034.642352        1.1319113326753058e-6        0.0017425407770096006        0.12000000720816506        0.98
         1000       34.79486399999999        1034.794864        1.2474898725381143e-6        0.0014223578483457274        0.11993151556745828        0.985
         1000       34.94737599999999        1034.947376        1.387747403927449e-6        0.0011396051121758332        0.1199999898224043        0.99
         1000       35.09988799999999        1035.099888        1.6277100603591506e-6        0.0008213541060646472        0.12000000883002489        0.995
         1000       35.252399999999994        1035.2524        2.0552369197758614e-6        0.0005108423212296288        0.12004816431621582        1.0
         1000       35.28290239999999        1035.2829024        2.2544598010427772e-6        0.0004238311730469821        0.1199999947677177        1.001
         1100       4.75        1104.75        5.204798584874777e-7        3.117061319947442        0.11996954587500197        0.0
         1100       5.0       1105.0       4.832162280610983e-7        1.3848365535268143        0.11998753615151968        0.008681278995471846
         1100       5.613928        1105.613928        4.5729269544498153e-7        0.7658803765060079        0.11999143267745879        0.03
         1100       6.477855999999999        1106.477856        4.4857646798343983e-7        0.47569248755135285        0.11999611345231075        0.06
         1100       7.629759999999999        1107.62976        4.517167401475871e-7        0.29595254369966073        0.11999664049063563        0.1
         1100       9.933568        1109.933568        4.748982108964531e-7        0.1417903645642503        0.11999942953604094        0.18
         1100       14.253207999999999        1114.253208        5.237008920053669e-7        0.053243097445986896        0.11999976388662054        0.33
         1100       19.148799999999998        1119.1488        5.717588940797575e-7        0.02430844843908229        0.11999873778706038        0.5
         1100       23.468439999999998        1123.46844        6.14014669700275e-7        0.013990225595567635        0.11999780068477968        0.65
         1100       27.788079999999997        1127.78808        6.714789268986243e-7        0.008357335423795626        0.11999723755125197        0.8
         1100       30.667839999999998        1130.66784        7.67016168317834e-7        0.005271309188297517        0.11999908105485625        0.9
         1100       32.10771999999999        1132.10772        9.255418823597493e-7        0.00330762783657825        0.11999982962330383        0.95
         1100       32.683671999999994        1132.683672        1.0860647255559487e-6        0.0023196622612636597        0.11999993380700767        0.97
         1100       33.259623999999995        1133.259624        1.5023770425324523e-6        0.0011713425546019574        0.11999998300381198        0.99
         1100       33.547599999999996        1133.5476        2.1561852576346157e-6        0.0005591440452804983        0.12006902879021751        1.0
         1200       4.75        1204.75        5.410243551972751e-7        3.1442761367428966        0.11997394484965757        0.0
         1200       5.0       1205.0       5.065640062930886e-7        1.373414277759272        0.11998198140246658        0.00932968107418216
         1200       5.553886        1205.553886        4.844692051971856e-7        0.7798876848691418        0.11999024038668452        0.03
         1200       6.357772        1206.357772        4.770888323154451e-7        0.48606352954951676        0.11999634968421491        0.06
         1200       7.42962        1207.4296199999999        4.814975214934087e-7        0.30432859597228384        0.11999747955805896        0.1
         1200       9.573316        1209.573316        5.074506649896961e-7        0.14718542686457592        0.11999953681972211        0.18
         1200       13.592746000000002        1213.592746        5.612046633549962e-7        0.05577421977552242        0.12000015486023312        0.33
         1200       18.1481        1218.1480999999999        6.19060421449876e-7        0.025162719983892277        0.11999896434604804        0.5
         1200       22.167530000000003        1222.16753        6.689916142541178e-7        0.014365855414076492        0.1199976127172856        0.65
         1200       26.186960000000003        1226.18696        7.367405385462645e-7        0.008486731634660271        0.11999752036546381        0.8
         1200       28.866580000000003        1228.86658        8.437114739152464e-7        0.005332815106097616        0.11999933910690742        0.9
         1200       30.206390000000003        1230.20639        1.01481119685099e-6        0.0033696843085415096        0.11999997973795788        0.95
         1200       30.742314        1230.742314        1.1856724985322134e-6        0.0023841977224975126        0.11999998816339172        0.97
         1200       31.278238        1231.278238        1.6210795794488573e-6        0.0012326751762858652        0.11999998350196885        0.99
         1200       31.546200000000002        1231.5462        2.271358726093596e-6        0.0006174164233612303        0.1200640289444654        1.0
         1300       4.75        1304.75        5.635291196952983e-7        3.137297770441734        0.11995874332609269        0.0
         1300       5.0       1305.0       5.317774245042004e-7        1.3490686158147973        0.11998241977027593        0.010183714204244573
         1300       5.48647        1305.48647        5.12779156514276e-7        0.7973729899232248        0.11999061746346429        0.03
         1300       6.2229399999999995        1306.22294        5.058035422122958e-7        0.5018885396257142        0.11999603412836683        0.06
         1300       7.2049        1307.2049        5.102206597849333e-7        0.3186006460572249        0.11999761458719768        0.1
         1300       9.16882        1309.16882        5.365520456837037e-7        0.15746626748573955        0.11999958455293638        0.18
         1300       12.85117        1312.85117        5.979677084756453e-7        0.059854784380961444        0.1200001631752148        0.33
         1300       17.0245        1317.0245        6.643306450376685e-7        0.026923774591710543        0.11999930075851387        0.5
         1300       20.706850000000003        1320.70685        7.230818586810239e-7        0.015244001190102104        0.11999890442254821        0.65
         1300       24.389200000000002        1324.3892        8.042380153042376e-7        0.008864427814697415        0.11999871831263632        0.8
         1300       26.8441        1326.8441        9.24297356489875e-7        0.005541455789822194        0.11999989207433037        0.9
         1300       28.07155        1328.07155        1.108645217898417e-6        0.003523979344223875        0.11999988119634172        0.95
         1300       28.56253        1328.56253        1.290036731083861e-6        0.0025145340839623272        0.11999995155142891        0.97
         1300       29.05351        1329.05351        1.7411582276490751e-6        0.001334430281746659        0.11999998821461506        0.99
         1300       29.299        1329.299        2.3820538381032792e-6        0.0007011677845882381        0.12005393502126156        1.0
         1400       4.75        1404.75        5.820253513678726e-7        3.1652510724697276        0.11996258215677337        0.0
         1400       5.0       1405.0       5.53139676804641e-7        1.3418954187308423        0.11998389283554103        0.011264356422260171
         1400       5.415817        1405.415817        5.388944235132514e-7        0.8278202391074673        0.11999205698934688        0.03
         1400       6.081634        1406.081634        5.340772660999694e-7        0.5237008068954528        0.11999783448905557        0.06
         1400       6.969390000000001        1406.96939        5.400921680771071e-7        0.3355189641089806        0.12000005029471213        0.1
         1400       8.744902        1408.744902        5.671699585897724e-7        0.16959225099750305        0.11999869920913224        0.18
         1400       12.073986999999999        1412.073987        6.337992254922247e-7        0.06551414033257318        0.11999904825949277        0.33
         1400       15.84695        1415.84695        7.095385296777462e-7        0.02942073334124928        0.1199991930175245        0.5
         1400       19.176035        1419.176035        7.764092688604208e-7        0.016605529642870043        0.11999898816992434        0.65
         1400       22.50512        1422.50512        8.691240664273218e-7        0.009582027322468383        0.11999896480656363        0.8
         1400       24.72451        1424.72451        1.0045388904977112e-6        0.005937971038579956        0.11999967330780333        0.9
         1400       25.834204999999997        1425.834205        1.2027647007489152e-6        0.0037936688486647392        0.11999986236601427        0.95
         1400       26.278083        1426.278083        1.3933803992856377e-6        0.002732135488995425        0.11999994572020059        0.97
         1400       26.721961        1426.721961        1.8536843038234355e-6        0.0014929708882472396        0.11999998575024783        0.99
         1400       26.9439        1426.9439        2.4784878892168443e-6        0.0008214567960579369        0.12003906804462972        1.0
         1500       4.75        1504.75        6.096847798059147e-7        3.088877849963637        0.11999375380041602        0.0
         1500       5.0       1505.0       5.834022714707453e-7        1.2917060489679617        0.11998443695874181        0.012638773735617075
         1500       5.343412        1505.343412        5.708866964725471e-7        0.8473630820821589        0.11999952085841852        0.03
         1500       5.936824        1505.936824        5.651006357254248e-7        0.5458705607215227        0.11999522996881866        0.06
         1500       6.72804        1506.72804        5.694375079817319e-7        0.3577197135648679        0.11999953885943494        0.1
         1500       8.310472        1508.310472        5.960066527810608e-7        0.18604213255320787        0.11999807810435886        0.18
         1500       11.277532        1511.277532        6.658429445865669e-7        0.07371003066411594        0.11999948641861868        0.33
         1500       14.6402        1514.6402        7.481335870676726e-7        0.033396305762118404        0.11999877519160183        0.5
         1500       17.60726        1517.60726        8.259117746141597e-7        0.018689212957454657        0.11999863279139664        0.65
         1500       20.57432        1520.57432        9.322325957218665e-7        0.010675637837431811        0.11999914404968592        0.8
         1500       22.55236        1522.55236        1.081545761546386e-6        0.0065877184290557425        0.11999977996093124        0.9
         1500       23.54138        1523.54138        1.2927858380407946e-6        0.004229005255086246        0.11999987510688259        0.95
         1500       23.936988        1523.936988        1.490758064567067e-6        0.0030755937079298603        0.11999995206361913        0.97
         1500       24.332596        1524.332596        1.9522521730747663e-6        0.0017353029759276453        0.11999998432805452        0.99
         1500       24.5304        1524.5304        2.5542689913560093e-6        0.0009973729094011879        0.12001963875713012        1.0
         1600       4.75        1604.75        6.25947196572647e-7        3.124290733370576        0.11995670620796371        0.0
         1600       5.0       1605.0       6.028809660256353e-7        1.2895711521537176        0.11998135450895679        0.014368559293296779
         1600       5.271973        1605.271973        5.946455274941904e-7        0.8982003761880712        0.11999008383577811        0.03
         1600       5.793946        1605.793946        5.911014587083913e-7        0.583318864848007        0.1199987028160979        0.06
         1600       6.48991        1606.48991        5.968798246703827e-7        0.3869465470445316        0.11995972788309275        0.1
         1600       7.881838        1607.881838        6.242210854355365e-7        0.20637003899308823        0.11999629121910421        0.18
         1600       10.491703000000001        1610.491703        6.966093328542158e-7        0.08422541822344093        0.1199993072573348        0.33
         1600       13.44955        1613.44955        7.842954903393904e-7        0.0387176583269878        0.11999858651500148        0.5
         1600       16.059415        1616.059415        8.71551152848415e-7        0.02161550777754741        0.12000277562225523        0.65
         1600       18.66928        1618.66928        9.896365514584766e-7        0.01229559291940249        0.1199987018950685        0.8
         1600       20.409190000000002        1620.40919        1.1527390727016656e-6        0.007557423371503817        0.11999992551195321        0.9
         1600       21.279145        1621.279145        1.3745040482091496e-6        0.004883978753543545        0.11999990703398163        0.95
         1600       21.627127        1621.627127        1.5764367942004011e-6        0.0035929542090494286        0.11999997132999954        0.97
         1600       21.975109        1621.975109        2.0289305733676894e-6        0.002100156366440267        0.11999999762167916        0.99
         1600       22.1491        1622.1491        2.598496259199253e-6        0.0012601454108408978        0.11999839556164581        1.0
         1700       4.75        1704.75        6.507491661288734e-7        3.0700134037247975        0.11999763950270265        0.0
         1700       5.0       1705.0       6.306549504928458e-7        1.2515823994865778        0.11999225704995917        0.016536907069197034
         1700       5.203531        1705.203531        6.250053287301084e-7        0.9355507251699925        0.11998704137029187        0.03
         1700       5.657062        1705.657062        6.221200357091632e-7        0.6163121131742544        0.11999925127711815        0.06
         1700       6.26177        1706.26177        6.276785390635548e-7        0.41645414382167384        0.11994970827693188        0.1
         1700       7.471185999999999        1707.471186        6.531230509590155e-7        0.22995914916484025        0.11996640212032599        0.18
         1700       9.738841        1709.738841        7.241494075502923e-7        0.09794849135058281        0.11999914491645369        0.33
         1700       12.30885        1712.30885        8.160131606420126e-7        0.04589084946689843        0.1199984785153835        0.5
         1700       14.576505        1714.576505        9.10146681088399e-7        0.025748652320558212        0.11999961949908243        0.65
         1700       16.844160000000002        1716.84416        1.041532558414975e-6        0.014551983761499817        0.11999917155270125        0.8
         1700       18.35593        1718.35593        1.2167396299445876e-6        0.008934923769079983        0.11999950751306344        0.9
         1700       19.111815        1719.111815        1.4460111725760507e-6        0.005824901230322621        0.11999992435078172        0.95
         1700       19.414169        1719.414169        1.6482569842600916e-6        0.004341769179602335        0.11999995029488882        0.97
         1700       19.716523        1719.716523        2.082061828962739e-6        0.002636606323383705        0.11999998714135554        0.99
         1700       19.8677        1719.8677        2.6220834658737114e-6        0.0016367478355836043        0.11996504847808863        1.0
         1800       4.75        1804.75        6.765143135689958e-7        3.006559080071669        0.11991942743081911        0.0
         1800       5.0       1805.0       6.595326260218286e-7        1.2112152046841396        0.11999209906476326        0.01920963862827812
         1800       5.140429        1805.140429        6.561249573672955e-7        0.975541793324656        0.1199878694117208        0.03
         1800       5.530858        1805.530858        6.54102859895612e-7        0.6516439412906552        0.11997263655486415        0.06
         1800       6.05143        1806.05143        6.595664773683531e-7        0.44824767318825565        0.11994608482034011        0.1
         1800       7.092574000000001        1807.092574        6.834380801493732e-7        0.2558699583774344        0.11996642004272881        0.18
         1800       9.044719        1809.044719        7.511206220125326e-7        0.11440654840328397        0.11998559356146492        0.33
         1800       11.257150000000001        1811.25715        8.445462894329127e-7        0.05505613334089976        0.11999947372879853        0.5
         1800       13.209295000000001        1813.209295        9.436593075741349e-7        0.03120464385572046        0.11999901993249268        0.65
         1800       15.161440000000002        1815.16144        1.0841265298294861e-6        0.017677493378704112        0.11999897308891198        0.8
         1800       16.462870000000002        1816.46287        1.2707910585087487e-6        0.010840059696481188        0.12000001051805226        0.9
         1800       17.113585        1817.113585        1.5036870245774095e-6        0.007146043253379913        0.11999993008678961        0.95
         1800       17.373871        1817.373871        1.7020644766800852e-6        0.005406459512259437        0.12000000271556874        0.97
         1800       17.634157000000002        1817.634157        2.093913773972539e-6        0.003464584378262036        0.12003224645376499        0.99
         1800       17.764300000000002        1817.7643        2.6170529891786608e-6        0.002184618265825072        0.11992525941779271        1.0
         2000       4.75        2004.75        7.196191990900742e-7        2.9504695265358967        0.1199982033932758        0.0
         2000       5.0       2005.0       7.097168680129464e-7        1.1614147787859943        0.11990581360929549        0.026742258116275335
         2000       5.68485        2005.68485        7.187879572171091e-7        0.5315044910729289        0.11999320622274283        0.1
         2000       9.42425        2009.42425        8.999899409954246e-7        0.08033231512406898        0.11998103107234634        0.5
         2000       13.163650000000002        2013.16365        1.3517994999452264e-6        0.01699561825148375        0.11999547179778931        0.9
         2000       13.91153        2013.91153        1.8935698516368766e-6        0.007702285236303984        0.1200000270072089        0.98
         2000       14.098500000000001        2014.0985        2.397142077463703e-6        0.004672410120639421        0.12000000888744161        1.0
         2200       4.75        2204.75        7.790917479029157e-7        2.767446194455124        0.1199815004214967        0.0
         2200       5.0       2205.0       7.777631638444263e-7        1.0632003891175632        0.1200029679456538        0.039032615653640176
         2200       5.39049        2205.3904899999998        7.90664661023437e-7        0.6168800669014495        0.12000027538312041        0.1
         2200       7.952450000000001        2207.95245        9.641303211208127e-7        0.11594730775839311        0.12000005507115154        0.5
         2200       10.514410000000002        2210.51441        1.4070410381929256e-6        0.028144029550414215        0.12000019314341819        0.9
         2200       11.026802        2211.026802        1.8693804612374092e-6        0.014341653328677385        0.12000002659759564        0.98
         2200       11.154900000000001        2211.1549        2.2098409796672296e-6        0.010004382139206312        0.12000001260706343        1.0
         2400       4.75        2404.75        8.62437908198877e-7        2.4626072435252158        0.12000132769622493        0.0
         2400       5.0       2405.0       8.729134527400805e-7        0.9203556062261913        0.12000143240703356        0.061947735934147076
         2400       5.153566        2405.153566        8.832556267462163e-7        0.7038180723167873        0.12000124352990632        0.1
         2400       6.76783        2406.76783        1.0496972280648196e-6        0.16491960996055463        0.12000057259999482        0.5
         2400       8.382094        2408.382094        1.4764899137896682e-6        0.047279549712862155        0.12000014209491812        0.9
         2400       8.7049468        2408.7049468        1.8456147629081544e-6        0.027605856048278        0.12000001964680286        0.98
         2400       8.78566        2408.78566        2.055448010881881e-6        0.021769714958381942        0.1200000204903798        1.0
         2500       4.75         2504.75        9.225373716135165e-7        2.241435420792247        0.12000099305203653        0.0
         2500       5.0         2505.0        9.416613325750902e-7        0.8236622124256657        0.12000157471998224        0.0833263425587226
         2500       5.0500251688999995        2505.0500251689        9.463832307999828e-7        0.7455701762387029        0.12000158662859606        0.1
         2500       6.250125844499999        2506.2501258445        1.1062205558399708e-6        0.19785461076377053        0.12000056727881134        0.5
         2500       7.450226520099999        2507.4502265201        1.5146565793081705e-6        0.06315434307871182        0.12000008691805215        0.9
         2500       7.690246655219999        2507.69024665522        1.827320220949694e-6        0.03992909186383249        0.12000001494268095        0.98
         2500       7.750251689        2507.750251689        1.9810474099900783e-6        0.033297290245228914        0.12000001476210966        1.0
         2600       4.75        2604.75        1.0027825213219555e-6        1.9725823070832766        0.1199984257486046        0.0
         2600       4.956089        2604.956089        1.0289407339794901e-6        0.7850182872889634        0.12000007229269193        0.1
         2600       5.0       2605.0       1.0350657190063971e-6        0.7088505768524395        0.12000002933030313        0.12130681404635864
         2600       5.780445        2605.780445        1.1813792926709506e-6        0.23871849317660537        0.11999918365449741        0.5
         2600       6.604801        2606.604801        1.5639993127100593e-6        0.0864893901973353        0.12000013427838412        0.9
         2600       6.7696722        2606.7696722        1.812835517356185e-6        0.059825910975734684        0.12000004548429571        0.98
         2600       6.81089        2606.81089        1.9173411049814578e-6        0.05254389199381429        0.12000003045754894        1.0
         2680       4.75       2684.75       1.0935777589711758e-6       1.7094322631998065       0.12000064984928738       0.0
         2680       4.886351255       2684.886351255       1.1208452075637492e-6       0.8135992280095528       0.12000017006567083       0.1
         2680       5.0       2685.0       1.1452037236802455e-6       0.596795766286233       0.1200005477901546       0.18334998090043259
         2680       5.431756275       2685.431756275       1.2660428063163663e-6       0.2816801233411956       0.12000025347620308       0.5
         2680       5.977161294999999       2685.977161295       1.6153025876686838e-6       0.11598759133038454       0.12000003516576861       0.9
         2680       6.086242298999999       2686.086242299       1.8035883902891669e-6       0.08726019574086462       0.12000000340492534       0.98
         2680       6.113512549999999       2686.11351255       1.8722032438496275e-6       0.07973930008383347       0.12000000705679076       1.0
         2735       4.75       2739.75       1.1822644173815166e-6       1.4924715646747442       0.12000019763752616       0.0
         2735       4.84112097       2739.84112097       1.2097348573086433e-6       0.8285713969617271       0.1200007301856635       0.1
         2735       5.0       2740.0       1.2617747965453185e-6       0.5016610305791137       0.12000012596250077       0.2743605560827547
         2735       5.20560485       2740.20560485       1.3484888847231275e-6       0.32161017848844947       0.12000033949852802       0.5
         2735       5.57008873       2740.57008873       1.6589893374187152e-6       0.1487020907257955       0.12000008657811771       0.9
         2735       5.642985506       2740.642985506       1.7983413049969545e-6       0.1195709357035229       0.12000004592310026       0.98
         2735       5.6612097       2740.6612097       1.8439660793749505e-6       0.11218366860833151       0.12000003022791891       1.0
         2775       4.75        2779.75        1.2741361885290788e-6        1.3037137270987573        0.12000030245395224        0.0
         2775       4.80964        2779.80964        1.301239176180612e-6        0.8310538865468641        0.12000021849961111        0.1
         2775       5.0       2780.0       1.4009212811797711e-6        0.41288049000059834        0.12000013170982025        0.4191817572099262
         2775       5.0482        2780.0482        1.433217745292728e-6        0.36177834702622574        0.12000012762372754        0.5
         2775       5.28676        2780.28676        1.6993005433837582e-6        0.18705381252741898        0.1200000656651665        0.9
         2775       5.334472        2780.334472        1.7993149841293432e-6        0.15863234870217133        0.12000004920185922        0.98
         2775       5.3464        2780.3464        1.829483176702972e-6        0.1515932579285002        0.12000002705896837        1.0
         2800       4.75        2804.75        1.354975584443481e-6        1.1631334592676086        0.1200003421688044        0.0
         2800       4.790505        2804.790505        1.381155446405307e-6        0.8232829564107326        0.12000033561596203        0.1
         2800       4.952525        2804.952525        1.5051879521492518e-6        0.39806512709872516        0.12000011322455317        0.5
         2800       5.0       2805.0       1.5548279958447112e-6        0.3381934081904296        0.12000011185271092        0.6172077521293665
         2800       5.114545        2805.114545        1.7276999733772691e-6        0.22646940093333748        0.12000005473611176        0.9
         2800       5.146949        2805.146949        1.8000513020055924e-6        0.1993345468901813        0.12000002221938474        0.98
         2800       5.15505        2805.15505        1.8206904509540986e-6        0.19271695749122214        0.12000003041006244        1.0
         2822       4.75        2826.75        1.4569540268730327e-6        1.013877523839879        0.11999979675702085        0.0
         2822       5.0       2827.0       1.8378537004339021e-6        0.2439451624119786        0.11999993705578312        1.0403662089055368
         2833       4.75        2837.75        1.5284138542306838e-6        0.9248637790829453        0.11999974776290323        0.0
         2833       5.0       2838.0       2.156673382090303e-6        0.1778392469837491        0.11999999650581596        1.567496394758293
         2840       4.75        2844.75        1.5865526341215483e-6        0.860434941917489        0.11999987347839461        0.0
         2840       5.0       2845.0       2.5709651683165924e-6        0.12545013771973307        0.11999999021977212        2.303510550078319
         2845       4.75        2849.75        1.637076802168495e-6        0.8095611460084655        0.11999985681023784        0.0
         2845       5.0       2850.0       3.184230339765451e-6        0.08192477011419881        0.1199999979130403        3.456380478363058
         2848       4.75        2852.75        1.672198527611958e-6        0.776726116424408        0.12000001238291912        0.0
         2848       5.0       2853.0       3.958774071211772e-6        0.05305893198505393        0.1199999994149152        4.92902208201891
